301536
688248
688578
600863
600126
600032
601991
600985
600578
601001
000539
600021
601699
600546
300001
601016
688065
600352
600486
688617
300017
688347
688702
688568
688608
000039
601666
603129
688122
600131
002603
000537
600483
688266
600871
688297
688331
601808
688188
601179
688349
002410
600256
689009
002608
600562
601869
301606
600995
600737
000729
002078
600350
000400
600536
002244
600801
301498
300454
688187
300759
600339
600095
600968
600583
600348
003035
600295
601598
002414
600602
603606
300073
688278
000893
600535
688599
688027
300677
001286
688475
300002
603766
300496
601615
603979
688777
000983
300003
000723
603589
000830
688375
600595
603529
601611
603486
000027
688281
688235
300857
000591
300142
603939
603000
000831
688469
603444
002032
300140
601958
300339
600754
000703
600377
002065
600970
600098
688169
002517
688425
600873
002797
000786
000937
603338
600808
688213
000528
601880
603225
600642
000623
600316
300972
600157
688538
600521
000738
603699
600132
601139
601865
600161
601236
002252
600598
600329
600582
603816
002423
000709
000598
002601
603298
000959
688192
000883
603345
601928
600100
002153
601717
002773
603565
688318
600390
300383
002831
002152
601567
000932
600688
002265
600062
300146
688114
688180
000987
600380
600038
300458
600816
688615
600008
600566
002262
603087
000898
600060
600312
600685
601997
000155
601216
601000
603899
301301
000513
600906
600763
600967
002945
300627
600299
000997
300012
000739
688708
002299
000429
002223
688520
000683
601696
603858
001386
000825
601198
600398
603049
601098
601156
600704
601577
688819
601298
600988
002064
601799
600109
002261
000921
000951
600292
600927
300699
601665
300676
600517
601966
000800
000661
688563
600516
603786
601108
002195
600901
000034
300024
002444
601019
603605
603233
600435
601608
603077
600170
601228
600663
002926
688363
601118
000582
688629
601866
300957
600369
002085
002120
603658
603092
002673
601099
601990
600765
002670
600998
000088
300474
002007
002312
002500
600764
002939
000728
002568
601106
000737
000423
000750
600511
002318
600166
300144
300724
000783
002461
600298
600332
300100
600606
601128
002984
600885
601233
301358
688220
601399
600637
600004
601555
600848
603568
300888
600820
002130
000009
603885
000785
300487
600177
600208
002157
002155
688692
002340
002821
002624
601162
600655
601212
300207
002966
300558
001221
688002
603833
300058
300919
600699
600977
688411
600282
600153
688336
000878
603596
601155
603737
603179
002271
000050
000629
688561
000415
688709
002583
002131
000060
002508
002266
600862
603308
002683
603806
600909
300748
603659
002335
002841
688018
688295
002025
688361
000559
002487
300763
002044
002465
000519
603379
688778
600143
688301
688343
600711
688099
000887
600363
600563
300115
000960
600499
300718
600171
603728
000733
603920
300432
688385
688676
688037
000062
600884
601112
000967
003022
002126
600497
300953
000032
603341
002472
688582
002812
002756
300735
603119
600141
603160
603156
300604
300054
002429
002430
002738
001203
688200
001696
688166
688313
688052
002203
688772
300037
688120
002402
002850
002273
688019
600392
003021
300390
300223
300373
003031
603175
688387
603290
688322
600601
688017
300548
600498
688728
002432
300666
300136
300623
300757
000021
002056
688172
605589
002407
002185
002138
002008
600105
605358
603256
603688
002409
001309
002851
603650
600707
600378
002281
001389
600879
002739
002436
300620
300395
688234
300567
300679
300346
300475
300285
300570
301200
300751
301377
301611
688498
301526
